0.00000 0.00000
0.01000 0.00000
0.02000 0.00000
0.03000 0.00000
0.04000 0.00000
0.05000 0.00000
0.06000 0.00000
0.07000 0.00000
0.08000 0.00000
0.09000 0.00000
0.10000 0.00000
0.11000 0.00000
0.12000 0.00000
0.13000 0.00000
0.14000 0.00000
0.15000 0.00000
0.16000 0.00000
0.17000 0.00000
0.18000 0.00000
0.19000 0.00000
0.20000 0.00000
0.21000 0.00000
0.22000 0.00000
0.23000 0.00000
0.24000 0.00000
0.25000 0.00000
0.26000 0.00000
0.27000 0.00000
0.28000 0.00000
0.29000 0.00000
0.30000 0.00000
0.31000 0.00000
0.32000 0.00000
0.33000 0.00000
0.34000 0.00000
0.35000 0.00000
0.36000 0.00000
0.37000 0.00000
0.38000 0.00000
0.39000 0.00000
0.40000 0.00000
0.41000 131.27463
0.42000 114.25626
0.43000 0.00000
0.44000 0.00000
0.45000 0.00000
0.46000 0.00000
0.47000 0.00000
0.48000 0.00000
0.49000 0.00000
0.50000 0.00000
0.51000 0.00000
0.52000 0.00000
0.53000 0.00000
0.54000 0.00000
0.55000 0.00000
0.56000 0.00000
0.57000 0.00000
0.58000 0.00000
0.59000 0.00000
0.60000 176.13261
0.61000 176.27243
0.62000 175.90375
0.63000 173.82868
0.64000 170.14045
0.65000 170.36695
0.66000 170.41723
0.67000 164.51658
0.68000 163.28165
0.69000 162.60240
0.70000 159.72530
0.71000 158.74051
0.72000 160.08807
0.73000 158.07774
0.74000 160.73012
0.75000 157.09881
0.76000 154.44761
0.77000 152.67173
0.78000 151.51529
0.79000 148.79113
0.80000 149.25442
0.81000 149.25346
0.82000 147.35647
0.83000 148.98227
0.84000 152.92238
0.85000 151.26613
0.86000 147.80676
0.87000 148.36215
0.88000 146.79964
0.89000 145.24276
0.90000 145.98571
0.91000 144.69877
0.92000 146.91911
0.93000 143.85547
0.94000 143.83677
0.95000 141.46618
0.96000 140.07136
0.97000 140.47509
0.98000 139.45775
0.99000 138.90898
1.00000 137.05790
1.01000 137.49813
1.02000 138.88866
1.03000 138.41150
1.04000 141.41895
1.05000 142.85715
1.06000 142.10827
1.07000 147.35433
1.08000 143.88499
1.09000 138.73382
1.10000 136.05357
1.11000 134.63000
1.12000 139.17503
1.13000 143.11949
1.14000 148.19915
1.15000 155.90147
1.16000 157.61411
1.17000 157.03240
1.18000 155.65324
1.19000 154.79332
1.20000 150.78476
1.21000 147.46463
1.22000 141.82342
1.23000 137.03882
1.24000 132.43830
1.25000 128.28854
1.26000 126.58189
1.27000 125.91483
1.28000 124.66420
1.29000 129.65168
1.30000 130.71923
1.31000 130.71854
1.32000 130.84925
1.33000 129.52233
1.34000 128.41013
1.35000 128.07407
1.36000 127.38893
1.37000 126.81759
1.38000 125.04974
1.39000 126.04987
1.40000 124.59425
1.41000 123.88705
1.42000 119.97420
1.43000 118.76406
1.44000 116.95955
1.45000 115.99460
1.46000 113.72188
1.47000 111.11765
1.48000 110.49664
1.49000 109.34048
1.50000 108.05521
1.51000 106.88275
1.52000 105.87747
1.53000 102.91719
1.54000 99.35881
1.55000 94.22134
1.56000 0.00000
1.57000 0.00000
1.58000 0.00000
1.59000 0.00000
1.60000 0.00000
1.61000 0.00000
1.62000 0.00000
1.63000 0.00000
1.64000 0.00000
1.65000 0.00000
1.66000 0.00000
1.67000 106.94694
1.68000 104.71156
1.69000 103.09330
1.70000 103.59107
1.71000 102.49771
1.72000 101.65551
1.73000 102.86905
1.74000 100.94695
1.75000 100.56960
1.76000 100.79840
1.77000 99.64551
1.78000 100.72397
1.79000 101.95978
1.80000 101.89527
1.81000 103.51753
1.82000 101.92414
1.83000 0.00000
1.84000 0.00000
1.85000 0.00000
1.86000 0.00000
1.87000 0.00000
1.88000 0.00000
1.89000 0.00000
1.90000 0.00000
1.91000 0.00000
1.92000 0.00000
1.93000 0.00000
1.94000 0.00000
1.95000 0.00000
1.96000 0.00000
1.97000 0.00000
1.98000 0.00000
1.99000 0.00000
2.00000 0.00000
2.01000 0.00000
2.02000 0.00000
2.03000 0.00000
2.04000 0.00000
2.05000 0.00000
2.06000 0.00000
2.07000 0.00000
2.08000 104.30312
2.09000 99.29577
2.10000 103.35963
2.11000 103.62763
2.12000 104.16747
2.13000 104.98801
2.14000 104.38971
2.15000 104.16560
2.16000 104.16794
2.17000 103.66908
2.18000 104.14570
2.19000 105.25741
2.20000 104.25248
2.21000 105.82066
2.22000 105.91137
2.23000 106.50949
2.24000 106.62513
2.25000 105.62501
2.26000 105.71871
2.27000 106.38261
2.28000 106.08518
2.29000 104.53910
2.30000 103.96520
2.31000 104.16649
2.32000 104.55330
2.33000 103.10375
2.34000 99.48768
2.35000 93.32037
2.36000 93.60290
2.37000 0.00000
2.38000 0.00000
2.39000 0.00000
2.40000 0.00000
2.41000 0.00000
2.42000 0.00000
2.43000 0.00000
2.44000 0.00000
2.45000 0.00000
2.46000 109.87874
2.47000 103.62679
2.48000 102.13549
2.49000 101.00964
2.50000 102.26368
2.51000 103.43042
2.52000 104.72523
2.53000 106.07368
2.54000 109.18977
2.55000 113.30112
2.56000 117.13241
2.57000 119.75995
2.58000 122.51606
2.59000 125.23681
2.60000 128.08268
2.61000 129.67059
2.62000 132.06662
2.63000 128.06432
2.64000 0.00000
2.65000 0.00000
2.66000 0.00000
2.67000 0.00000
2.68000 0.00000
2.69000 0.00000
2.70000 0.00000
2.71000 0.00000
2.72000 0.00000
2.73000 0.00000
2.74000 0.00000
2.75000 0.00000
2.76000 0.00000
2.77000 0.00000
2.78000 0.00000
2.79000 0.00000
2.80000 0.00000
2.81000 0.00000
2.82000 0.00000
2.83000 0.00000
2.84000 123.79061
2.85000 0.00000
2.86000 0.00000
2.87000 0.00000
2.88000 0.00000
2.89000 0.00000
2.90000 0.00000
2.91000 0.00000
2.92000 0.00000
2.93000 0.00000
2.94000 0.00000
2.95000 0.00000
2.96000 0.00000
2.97000 0.00000
2.98000 0.00000
2.99000 0.00000
3.00000 0.00000
3.01000 0.00000
3.02000 0.00000
3.03000 0.00000
3.04000 121.21747
3.05000 116.93812
3.06000 112.06120
3.07000 108.44896
3.08000 104.58455
3.09000 101.17868
3.10000 97.13711
3.11000 94.50341
3.12000 93.31128
3.13000 91.04920
3.14000 89.88673
3.15000 89.93056
3.16000 89.92462
3.17000 90.57856
3.18000 90.70028
3.19000 88.89824
3.20000 92.65676
3.21000 90.93350
3.22000 90.49787
3.23000 90.76157
3.24000 90.46024
3.25000 89.90843
3.26000 89.68620
3.27000 91.56619
3.28000 0.00000
3.29000 0.00000
3.30000 0.00000
3.31000 0.00000
3.32000 0.00000
3.33000 0.00000
3.34000 0.00000
3.35000 0.00000
3.36000 0.00000
3.37000 0.00000
3.38000 0.00000
3.39000 0.00000
3.40000 0.00000
3.41000 0.00000
3.42000 0.00000
3.43000 0.00000
3.44000 0.00000
3.45000 0.00000
3.46000 0.00000
3.47000 0.00000
3.48000 0.00000
3.49000 0.00000
3.50000 0.00000
3.51000 0.00000
3.52000 0.00000
3.53000 0.00000
3.54000 0.00000
3.55000 0.00000
3.56000 0.00000
3.57000 0.00000
3.58000 0.00000
3.59000 0.00000
3.60000 0.00000
3.61000 0.00000
3.62000 0.00000
3.63000 0.00000
3.64000 0.00000
3.65000 0.00000
3.66000 0.00000
3.67000 0.00000
3.68000 0.00000
3.69000 0.00000
3.70000 0.00000
3.71000 0.00000
3.72000 0.00000
3.73000 0.00000
3.74000 0.00000
3.75000 0.00000
3.76000 0.00000
3.77000 0.00000
3.78000 0.00000
3.79000 0.00000
3.80000 0.00000
3.81000 0.00000
3.82000 0.00000
3.83000 0.00000
3.84000 0.00000
3.85000 0.00000
3.86000 0.00000
3.87000 0.00000
3.88000 0.00000
3.89000 0.00000
3.90000 0.00000
3.91000 0.00000
3.92000 0.00000
3.93000 0.00000
3.94000 0.00000
3.95000 0.00000
3.96000 0.00000
3.97000 0.00000
3.98000 0.00000
3.99000 0.00000
