0.00000 0.00000
0.01000 0.00000
0.02000 0.00000
0.03000 0.00000
0.04000 0.00000
0.05000 0.00000
0.06000 0.00000
0.07000 0.00000
0.08000 0.00000
0.09000 0.00000
0.10000 0.00000
0.11000 0.00000
0.12000 0.00000
0.13000 0.00000
0.14000 0.00000
0.15000 0.00000
0.16000 0.00000
0.17000 0.00000
0.18000 0.00000
0.19000 0.00000
0.20000 0.00000
0.21000 0.00000
0.22000 0.00000
0.23000 0.00000
0.24000 0.00000
0.25000 0.00000
0.26000 0.00000
0.27000 0.00000
0.28000 0.00000
0.29000 0.00000
0.30000 0.00000
0.31000 0.00000
0.32000 0.00000
0.33000 0.00000
0.34000 0.00000
0.35000 0.00000
0.36000 0.00000
0.37000 0.00000
0.38000 0.00000
0.39000 0.00000
0.40000 0.00000
0.41000 0.00000
0.42000 0.00000
0.43000 0.00000
0.44000 0.00000
0.45000 0.00000
0.46000 0.00000
0.47000 0.00000
0.48000 0.00000
0.49000 0.00000
0.50000 0.00000
0.51000 0.00000
0.52000 0.00000
0.53000 0.00000
0.54000 0.00000
0.55000 0.00000
0.56000 0.00000
0.57000 0.00000
0.58000 150.42998
0.59000 179.15788
0.60000 178.19489
0.61000 175.51154
0.62000 173.98188
0.63000 172.37084
0.64000 170.45348
0.65000 168.37546
0.66000 166.46288
0.67000 164.55795
0.68000 162.97671
0.69000 161.51459
0.70000 160.14647
0.71000 159.43517
0.72000 158.88780
0.73000 158.14861
0.74000 157.18033
0.75000 155.48355
0.76000 153.88473
0.77000 150.93249
0.78000 149.46767
0.79000 148.69178
0.80000 148.57204
0.81000 148.62428
0.82000 148.69407
0.83000 148.90161
0.84000 148.71628
0.85000 148.06495
0.86000 146.71971
0.87000 146.22064
0.88000 145.53609
0.89000 145.26959
0.90000 145.09713
0.91000 144.44454
0.92000 143.39758
0.93000 142.44903
0.94000 141.37359
0.95000 140.39284
0.96000 139.53743
0.97000 138.91902
0.98000 138.43709
0.99000 138.06370
1.00000 137.79935
1.01000 137.90034
1.02000 138.39955
1.03000 139.31892
1.04000 140.48385
1.05000 141.31965
1.06000 141.79710
1.07000 141.59473
1.08000 140.69088
1.09000 138.81143
1.10000 138.49277
1.11000 139.87633
1.12000 143.87847
1.13000 147.90680
1.14000 152.40524
1.15000 154.76747
1.16000 155.32755
1.17000 154.66421
1.18000 153.27827
1.19000 149.77664
1.20000 146.38358
1.21000 143.01804
1.22000 139.12350
1.23000 135.44516
1.24000 132.00929
1.25000 129.74848
1.26000 128.77830
1.27000 128.69483
1.28000 129.16531
1.29000 129.73175
1.30000 130.41616
1.31000 130.58228
1.32000 129.99850
1.33000 129.11233
1.34000 128.28033
1.35000 127.51049
1.36000 126.72959
1.37000 125.84464
1.38000 125.04195
1.39000 124.33362
1.40000 123.19905
1.41000 121.67144
1.42000 119.86664
1.43000 118.20349
1.44000 116.62001
1.45000 115.18762
1.46000 113.76861
1.47000 112.22258
1.48000 110.85841
1.49000 109.60082
1.50000 108.40836
1.51000 106.96235
1.52000 105.38715
1.53000 103.77393
1.54000 101.22729
1.55000 38.76189
1.56000 0.00000
1.57000 0.00000
1.58000 0.00000
1.59000 0.00000
1.60000 0.00000
1.61000 0.00000
1.62000 0.00000
1.63000 0.00000
1.64000 0.00000
1.65000 0.00000
1.66000 63.55623
1.67000 107.16672
1.68000 105.76492
1.69000 105.09186
1.70000 104.40113
1.71000 103.95099
1.72000 102.64456
1.73000 101.44860
1.74000 100.92692
1.75000 100.64762
1.76000 100.63913
1.77000 100.83783
1.78000 101.22994
1.79000 101.77291
1.80000 103.09024
1.81000 104.06512
1.82000 103.77096
1.83000 103.00340
1.84000 47.21147
1.85000 0.00000
1.86000 0.00000
1.87000 0.00000
1.88000 0.00000
1.89000 0.00000
1.90000 0.00000
1.91000 0.00000
1.92000 0.00000
1.93000 0.00000
1.94000 0.00000
1.95000 0.00000
1.96000 0.00000
1.97000 0.00000
1.98000 0.00000
1.99000 0.00000
2.00000 0.00000
2.01000 0.00000
2.02000 0.00000
2.03000 0.00000
2.04000 0.00000
2.05000 0.00000
2.06000 0.00000
2.07000 0.00000
2.08000 49.12182
2.09000 103.60255
2.10000 104.99849
2.11000 105.11242
2.12000 105.27673
2.13000 105.33277
2.14000 105.37638
2.15000 105.47883
2.16000 105.52003
2.17000 105.48991
2.18000 105.54481
2.19000 105.69879
2.20000 106.00180
2.21000 106.49214
2.22000 106.95522
2.23000 107.10650
2.24000 106.86513
2.25000 106.56132
2.26000 106.44577
2.27000 106.29889
2.28000 105.83372
2.29000 105.32477
2.30000 104.94544
2.31000 104.52689
2.32000 104.07579
2.33000 102.88162
2.34000 101.67185
2.35000 59.80267
2.36000 0.00000
2.37000 0.00000
2.38000 0.00000
2.39000 0.00000
2.40000 0.00000
2.41000 0.00000
2.42000 0.00000
2.43000 0.00000
2.44000 42.64898
2.45000 108.59488
2.46000 106.28028
2.47000 104.41634
2.48000 104.38309
2.49000 104.76701
2.50000 105.56119
2.51000 107.03467
2.52000 108.58421
2.53000 109.93417
2.54000 112.19049
2.55000 115.06248
2.56000 118.12537
2.57000 120.69904
2.58000 123.26692
2.59000 125.61034
2.60000 127.33088
2.61000 128.62647
2.62000 129.00857
2.63000 129.23698
2.64000 129.52739
2.65000 84.97138
2.66000 0.00000
2.67000 0.00000
2.68000 0.00000
2.69000 0.00000
2.70000 0.00000
2.71000 0.00000
2.72000 0.00000
2.73000 0.00000
2.74000 0.00000
2.75000 0.00000
2.76000 0.00000
2.77000 0.00000
2.78000 0.00000
2.79000 0.00000
2.80000 0.00000
2.81000 0.00000
2.82000 0.00000
2.83000 0.00000
2.84000 0.00000
2.85000 0.00000
2.86000 0.00000
2.87000 0.00000
2.88000 0.00000
2.89000 0.00000
2.90000 0.00000
2.91000 0.00000
2.92000 0.00000
2.93000 0.00000
2.94000 0.00000
2.95000 0.00000
2.96000 0.00000
2.97000 0.00000
2.98000 0.00000
2.99000 0.00000
3.00000 0.00000
3.01000 0.00000
3.02000 0.00000
3.03000 29.03838
3.04000 119.11329
3.05000 115.98737
3.06000 111.52342
3.07000 108.01811
3.08000 104.31959
3.09000 100.11614
3.10000 97.30410
3.11000 94.79179
3.12000 93.10281
3.13000 92.11535
3.14000 91.42714
3.15000 90.90825
3.16000 90.81644
3.17000 90.88087
3.18000 91.06613
3.19000 91.14925
3.20000 91.14170
3.21000 91.02569
3.22000 90.96855
3.23000 90.82772
3.24000 90.72450
3.25000 90.50047
3.26000 90.53305
3.27000 73.89687
3.28000 0.00000
3.29000 0.00000
3.30000 0.00000
3.31000 0.00000
3.32000 0.00000
3.33000 0.00000
3.34000 0.00000
3.35000 0.00000
3.36000 0.00000
3.37000 0.00000
3.38000 0.00000
3.39000 0.00000
3.40000 0.00000
3.41000 0.00000
3.42000 0.00000
3.43000 0.00000
3.44000 0.00000
3.45000 0.00000
3.46000 0.00000
3.47000 0.00000
3.48000 0.00000
3.49000 0.00000
3.50000 0.00000
3.51000 0.00000
3.52000 0.00000
3.53000 0.00000
3.54000 0.00000
3.55000 0.00000
3.56000 0.00000
3.57000 0.00000
3.58000 0.00000
3.59000 0.00000
3.60000 0.00000
3.61000 0.00000
3.62000 0.00000
3.63000 0.00000
3.64000 0.00000
3.65000 0.00000
3.66000 0.00000
3.67000 0.00000
3.68000 0.00000
3.69000 0.00000
3.70000 0.00000
3.71000 0.00000
3.72000 0.00000
3.73000 0.00000
3.74000 0.00000
3.75000 0.00000
3.76000 0.00000
3.77000 0.00000
3.78000 0.00000
3.79000 0.00000
3.80000 0.00000
3.81000 0.00000
3.82000 0.00000
3.83000 0.00000
3.84000 0.00000
3.85000 0.00000
3.86000 0.00000
3.87000 0.00000
3.88000 0.00000
3.89000 0.00000
3.90000 0.00000
3.91000 0.00000
3.92000 0.00000
3.93000 0.00000
3.94000 0.00000
3.95000 0.00000
3.96000 0.00000
3.97000 0.00000
3.98000 0.00000
3.99000 0.00000
