0 0
0.01 0
0.02 0
0.03 0
0.04 0
0.05 0
0.06 0
0.07 0
0.08 0
0.09 0
0.1 0
0.11 0
0.12 0
0.13 0
0.14 0
0.15 0
0.16 0
0.17 0
0.18 0
0.19 0
0.2 0
0.21 0
0.22 0
0.23 0
0.24 0
0.25 0
0.26 0
0.27 0
0.28 0
0.29 0
0.3 0
0.31 0
0.32 0
0.33 0
0.34 0
0.35 0
0.36 0
0.37 0
0.38 0
0.39 0
0.4 0
0.41 48.1116189559778
0.42 59.8996680560061
0.43 119.527864933513
0.44 0
0.45 0
0.46 0
0.47 0
0.48 0
0.49 0
0.5 0
0.51 0
0.52 0
0.53 0
0.54 0
0.55 0
0.56 0
0.57 0
0.58 0
0.59 16.9008728596629
0.6 26.4587887827965
0.61 175.154354775146
0.62 175.623463294696
0.63 174.152819098759
0.64 173.415416630538
0.65 169.974078952959
0.66 167.581381708492
0.67 166.254494066793
0.68 163.96466561456
0.69 162.258640272594
0.7 160.956079109913
0.71 159.92003998001
0.72 159.006211180124
0.73 159.2863969417
0.74 158.708115936279
0.75 158.043422430313
0.76 156.739811912226
0.77 154.634193486034
0.78 152.436119738572
0.79 149.662091060028
0.8 148.345942738466
0.81 146.651084988886
0.82 147.994672191801
0.83 149.438438368319
0.84 152.111497727835
0.85 152.283056130583
0.86 150.511739915713
0.87 147.840147840147
0.88 146.182801593393
0.89 144.55110107284
0.9 145.494225697918
0.91 145.404975576508
0.92 146.028703767084
0.93 143.978115326471
0.94 143.430223437395
0.95 141.901839402593
0.96 140.817179695922
0.97 139.103218935425
0.98 138.546131532234
0.99 138.411297822184
1 138.339493763915
1.01 137.969689783775
1.02 137.779595702999
1.03 138.843089952967
1.04 140.007000350018
1.05 142.366486928977
1.06 144.485833615532
1.07 145.39506565496
1.08 143.382023478807
1.09 142.174830612019
1.1 138.857549511394
1.11 137.395075245272
1.12 136.527508159652
1.13 141.442715700142
1.14 145.530618277735
1.15 152.470982866072
1.16 156.509830773745
1.17 157.529930686831
1.18 155.171076111414
1.19 154.507266669885
1.2 151.014629542237
1.21 148.22019963408
1.22 143.620124769984
1.23 137.445236663517
1.24 135.581730361834
1.25 135.489880599542
1.26 0
1.27 0
1.28 0
1.29 36.3165898722111
1.3 56.811120776892
1.31 129.925495848474
1.32 130.585594776576
1.33 130.394034472923
1.34 129.607128392062
1.35 128.806327610844
1.36 127.459571417191
1.37 126.682501979414
1.38 126.125771042311
1.39 125.932193384625
1.4 125.293657008613
1.41 123.918136581021
1.42 121.865300759753
1.43 120.048019207683
1.44 117.904251922085
1.45 116.703136396791
1.46 115.754696505656
1.47 112.580917534478
1.48 111.377954126205
1.49 110.270680059959
1.5 109.274689250103
1.51 108.06916426513
1.52 105.203173629071
1.53 102.746323608108
1.54 101.067525740634
1.55 0
1.56 0
1.57 0
1.58 0
1.59 0
1.6 0
1.61 0
1.62 0
1.63 0
1.64 0
1.65 0
1.66 15.014380961765
1.67 21.0043584043689
1.68 26.2237045899678
1.69 103.546466476831
1.7 103.245789507647
1.71 102.491832682083
1.72 102.308331734766
1.73 101.783328738947
1.74 102.297429777076
1.75 101.722932163519
1.76 101.561508188397
1.77 101.035615054307
1.78 100.654252642175
1.79 101.133538409675
1.8 102.219004216534
1.81 103.232466610748
1.82 0
1.83 0
1.84 0
1.85 0
1.86 0
1.87 0
1.88 0
1.89 0
1.9 0
1.91 0
1.92 0
1.93 0
1.94 0
1.95 0
1.96 0
1.97 0
1.98 0
1.99 0
2 0
2.01 0
2.02 0
2.03 0
2.04 0
2.05 0
2.06 0
2.07 0
2.08 7.22822440926207
2.09 10.4773296779094
2.1 96.9422789514078
2.11 104.741746132193
2.12 104.922619568069
2.13 104.472739144629
2.14 103.907349280225
2.15 103.839913466739
2.16 104.095507628249
2.17 104.428417583135
2.18 104.166666666666
2.19 103.992893818922
2.2 104.101151618988
2.21 105.615208590036
2.22 106.000044166687
2.23 106.56483804365
2.24 106.206438765351
2.25 106.503361512347
2.26 106.56956994738
2.27 106.711722727374
2.28 106.269925611051
2.29 105.288556450022
2.3 104.648120694166
2.31 104.1305102395
2.32 104.268491365266
2.33 103.528599775687
2.34 102.880658436214
2.35 102.09941930955
2.36 0
2.37 0
2.38 0
2.39 0
2.4 0
2.41 0
2.42 0
2.43 0
2.44 0
2.45 17.7132229209105
2.46 24.4940448853373
2.47 109.779526118376
2.48 103.219147151797
2.49 102.201592641486
2.5 102.744124320391
2.51 103.611284995792
2.52 104.49548274736
2.53 105.362512895932
2.54 107.92398104585
2.55 110.801405792836
2.56 113.503351895861
2.57 118.688492161616
2.58 121.261115602264
2.59 125.952020152325
2.6 127.436729654924
2.61 129.899125210578
2.62 131.435729981722
2.63 132.2897144747
2.64 131.942440110504
2.65 0
2.66 0
2.67 0
2.68 0
2.69 0
2.7 0
2.71 0
2.72 0
2.73 0
2.74 0
2.75 0
2.76 0
2.77 0
2.78 0
2.79 0
2.8 0
2.81 0
2.82 9.95851655447773
2.83 14.3725053971752
2.84 18.4505036410916
2.85 125.288751419291
2.86 0
2.87 0
2.88 0
2.89 0
2.9 0
2.91 0
2.92 0
2.93 0
2.94 0
2.95 0
2.96 0
2.97 0
2.98 0
2.99 0
3 0
3.01 0
3.02 10.9426026296442
3.03 15.7237339937301
3.04 20.0840391513238
3.05 119.512984587803
3.06 114.391935368557
3.07 111.02629935466
3.08 107.260172957029
3.09 103.821945363701
3.1 99.651220727453
3.11 96.4824120603025
3.12 93.9242735544459
3.13 92.542608159174
3.14 91.5733445256301
3.15 91.1923398434537
3.16 90.6310184660686
3.17 91.1594340518481
3.18 91.860754406445
3.19 92.137592137593
3.2 91.9091248528009
3.21 91.5619903287659
3.22 91.1525095425292
3.23 90.8402725208179
3.24 90.6053570417352
3.25 90.2323482968648
3.26 90.4994438055009
3.27 90.1865734738731
3.28 0
3.29 0
3.3 0
3.31 0
3.32 0
3.33 0
3.34 0
3.35 0
3.36 0
3.37 0
3.38 0
3.39 0
3.4 0
3.41 0
3.42 0
3.43 0
3.44 0
3.45 0
3.46 0
3.47 0
3.48 0
3.49 0
3.5 0
3.51 0
3.52 0
3.53 0
3.54 0
3.55 0
3.56 0
3.57 0
3.58 0
3.59 0
3.6 0
3.61 0
3.62 0
3.63 0
3.64 0
3.65 0
3.66 0
3.67 0
3.68 0
3.69 0
3.7 0
3.71 0
3.72 0
3.73 0
3.74 0
3.75 0
3.76 0
3.77 0
3.78 0
3.79 0
3.8 0
3.81 0
3.82 0
3.83 0
3.84 0
3.85 0
3.86 0
3.87 0
3.88 0
3.89 0
3.9 0
3.91 0
3.92 0
3.93 0
3.94 0
3.95 0
3.96 0
3.97 0
3.98 0
3.99 0
4 0
4.01 0
4.02 0
